0.03162734
0.02986791
0.04096434
0.03512227
0.02420343
0.02557471
0.02777396
0.04236743
0.03688637
0.03665751
0.03699692
0.03626667
0.02468862
0.03371520
0.04426291
0.03009105
0.03496541
0.04621256
0.02777850
0.02899308
0.03853724
0.02884477
0.04290835
0.03215931
0.04094309
0.03072978
0.05060757
0.04491258
0.02698457
0.04997486
0.04284634
0.05889336
0.04740129
0.04754066
0.04145277
0.05004936
0.03914235
0.02764730
0.04128981
0.06752126
0.04386227
0.02954882
0.04197159
0.03327457
0.04783055
0.04059188
0.03274535
0.04616631
0.03771720
0.05617930
0.03605693
0.03051028
0.03977443
0.03089634
0.03630045
0.03311598
0.03111400
0.03110027
0.04209985
0.04671786
0.03266693
0.02753770
0.04047768
0.02522053
0.03291342
0.04179994
0.04513311
0.03338180
0.04343754
0.03125067
0.02484507
0.03627328
0.03868484
0.04634572
0.03731979
0.03102561
0.03704041
0.05211422
0.05291415
0.03646390
0.03513498
0.04526004
0.03645206
0.04592273
0.03184764
0.03772059
0.03078312
0.02436129
0.03915980
0.02976610
0.02803057
0.05220446
0.04000745
0.04194130
0.05286247
0.03383632
0.03304896
0.02814620
0.03606963
0.03317131
0.02499913
0.02968744
0.02502025
0.04932176
0.03688968
0.03978161
0.03203736
0.05787364
0.03375722
0.03001058
0.05535119
0.03682618
0.03411911
0.03041392
0.03571970
0.03298107
0.04090339
0.03414450
0.03869492
0.02540399